516 2376
0 54
0 54
0 33
0 33
0 55
0 55
0 46
0 46
0 56
0 56
0 173
0 173
0 31
0 31
0 28
0 28
0 174
0 174
0 349
0 349
0 374
0 374
0 19
0 19
0 375
0 375
0 327
0 327
0 411
0 411
1 2
1 2
1 3
1 3
1 4
1 4
2 3
2 3
2 4
2 4
3 209
3 209
3 4
3 4
3 72
3 72
5 430
5 430
5 208
5 208
5 36
5 36
6 7
6 7
6 8
6 8
6 9
6 9
6 10
6 10
6 161
6 161
6 281
6 281
7 432
7 432
7 8
7 8
7 9
7 9
7 10
7 10
7 433
7 433
8 426
8 426
8 427
8 427
8 481
8 481
8 9
8 9
8 10
8 10
8 482
8 482
9 432
9 432
9 426
9 426
9 498
9 498
9 427
9 427
9 49
9 49
9 161
9 161
9 281
9 281
9 433
9 433
9 101
9 101
9 500
9 500
9 376
9 376
9 10
9 10
9 365
9 365
11 182
11 182
11 229
11 229
11 62
11 62
11 40
11 40
11 253
11 253
11 308
11 308
11 309
11 309
11 259
11 259
11 419
11 419
11 79
11 79
11 117
11 117
11 118
11 118
11 254
11 254
11 310
11 310
11 311
11 311
11 312
11 312
11 156
11 156
11 16
11 16
11 313
11 313
11 320
11 320
11 366
11 366
11 369
11 369
11 370
11 370
11 352
11 352
11 371
11 371
11 420
11 420
12 257
12 257
12 60
12 60
12 122
12 122
12 431
12 431
12 208
12 208
12 30
12 30
12 73
12 73
12 36
12 36
13 184
13 184
13 14
13 14
13 162
13 162
13 159
13 159
13 115
13 115
13 490
13 490
13 108
13 108
13 116
13 116
13 358
13 358
14 163
14 163
14 459
14 459
14 184
14 184
14 115
14 115
14 108
14 108
14 116
14 116
14 81
14 81
14 185
14 185
14 15
14 15
14 207
14 207
14 319
14 319
14 358
14 358
14 460
14 460
14 506
14 506
15 25
15 25
15 263
15 263
15 26
15 26
15 153
15 153
15 142
15 142
15 154
15 154
15 179
15 179
15 180
15 180
15 181
15 181
15 191
15 191
15 192
15 192
15 264
15 264
15 265
15 265
15 266
15 266
15 267
15 267
15 268
15 268
15 361
15 361
15 362
15 362
15 363
15 363
15 364
15 364
15 365
15 365
15 396
15 396
15 397
15 397
15 197
15 197
16 229
16 229
16 62
16 62
16 40
16 40
16 93
16 93
16 109
16 109
16 469
16 469
16 326
16 326
16 125
16 125
16 470
16 470
16 156
16 156
16 91
16 91
16 472
16 472
16 126
16 126
16 473
16 473
16 64
16 64
16 94
16 94
16 313
16 313
16 87
16 87
16 456
16 456
16 468
16 468
16 471
16 471
16 286
16 286
17 18
17 18
18 422
18 422
18 96
18 96
18 342
18 342
19 287
19 287
19 31
19 31
19 196
19 196
19 27
19 27
19 28
19 28
19 347
19 347
19 374
19 374
19 375
19 375
20 294
20 294
20 21
20 21
20 22
20 22
20 32
20 32
20 327
20 327
20 122
20 122
20 72
20 72
20 467
20 467
20 292
20 292
20 117
20 117
20 505
20 505
21 22
21 22
22 31
22 31
22 183
22 183
22 404
22 404
22 24
22 24
22 319
22 319
22 395
22 395
23 494
23 494
23 150
23 150
23 140
23 140
25 26
25 26
26 163
26 163
26 164
26 164
27 77
27 77
27 28
27 28
28 173
28 173
28 31
28 31
28 428
28 428
28 33
28 33
28 174
28 174
29 224
29 224
29 331
29 331
29 507
29 507
29 270
29 270
29 435
29 435
29 511
29 511
29 452
29 452
29 177
29 177
29 332
29 332
29 333
29 333
29 451
29 451
29 252
29 252
29 512
29 512
29 513
29 513
30 208
30 208
30 249
30 249
30 250
30 250
30 277
30 277
30 398
30 398
30 73
30 73
30 36
30 36
31 173
31 173
31 33
31 33
31 174
31 174
31 255
31 255
31 256
31 256
31 296
31 296
31 297
31 297
31 298
31 298
31 306
31 306
31 395
31 395
31 183
31 183
31 404
31 404
31 319
31 319
31 449
31 449
31 457
31 457
31 109
31 109
31 461
31 461
31 118
31 118
31 59
31 59
31 504
31 504
33 173
33 173
33 214
33 214
33 54
33 54
33 34
33 34
33 55
33 55
33 174
33 174
33 121
33 121
35 66
35 66
35 465
35 465
36 208
36 208
36 455
36 455
36 73
36 73
37 305
37 305
37 163
37 163
37 439
37 439
37 440
37 440
37 304
37 304
37 441
37 441
37 442
37 442
38 39
38 39
38 40
38 40
38 41
38 41
38 42
38 42
38 43
38 43
38 44
38 44
39 40
39 40
39 41
39 41
39 42
39 42
39 43
39 43
39 44
39 44
40 228
40 228
40 90
40 90
40 514
40 514
40 229
40 229
40 62
40 62
40 345
40 345
40 240
40 240
40 230
40 230
40 41
40 41
40 42
40 42
40 43
40 43
40 44
40 44
40 70
40 70
40 79
40 79
40 91
40 91
40 92
40 92
40 109
40 109
40 88
40 88
40 167
40 167
40 160
40 160
40 231
40 231
40 232
40 232
40 233
40 233
40 234
40 234
40 123
40 123
40 346
40 346
40 183
40 183
40 69
40 69
40 351
40 351
40 352
40 352
40 403
40 403
40 434
40 434
40 464
40 464
40 468
40 468
40 469
40 469
40 470
40 470
40 471
40 471
40 472
40 472
40 473
40 473
40 286
40 286
40 491
40 491
40 309
40 309
40 495
40 495
40 496
40 496
40 515
40 515
40 340
40 340
41 42
41 42
41 43
41 43
41 44
41 44
42 43
42 43
42 44
42 44
43 90
43 90
43 235
43 235
43 45
43 45
43 236
43 236
43 62
43 62
43 237
43 237
43 238
43 238
43 231
43 231
43 123
43 123
43 44
43 44
43 110
43 110
43 124
43 124
43 88
43 88
43 64
43 64
43 183
43 183
43 225
43 225
43 227
43 227
43 239
43 239
43 299
43 299
43 300
43 300
43 119
43 119
43 92
43 92
44 345
44 345
44 346
44 346
44 403
44 403
45 58
45 58
45 109
45 109
45 110
45 110
46 222
46 222
46 477
46 477
46 47
46 47
46 48
46 48
46 49
46 49
46 50
46 50
46 56
46 56
46 223
46 223
46 478
46 478
46 479
46 479
47 48
47 48
47 49
47 49
47 50
47 50
47 51
47 51
48 49
48 49
48 50
48 50
48 149
48 149
48 502
48 502
48 503
48 503
49 50
49 50
51 52
51 52
51 53
51 53
52 53
52 53
54 55
54 55
56 289
56 289
56 290
56 290
56 410
56 410
56 85
56 85
56 291
56 291
57 107
57 107
59 118
59 118
61 62
61 62
61 63
61 63
61 64
61 64
61 65
61 65
62 68
62 68
62 229
62 229
62 63
62 63
62 64
62 64
62 65
62 65
62 69
62 69
62 70
62 70
62 88
62 88
62 89
62 89
62 93
62 93
62 94
62 94
62 123
62 123
62 124
62 124
62 156
62 156
62 313
62 313
62 246
62 246
62 468
62 468
62 109
62 109
62 469
62 469
62 470
62 470
62 471
62 471
62 472
62 472
62 473
62 473
62 286
62 286
62 91
62 91
63 64
63 64
63 65
63 65
64 415
64 415
64 86
64 86
64 123
64 123
64 93
64 93
64 416
64 416
64 470
64 470
64 69
64 69
64 348
64 348
64 357
64 357
64 417
64 417
64 473
64 473
64 65
64 65
64 94
64 94
64 286
64 286
64 418
64 418
65 175
65 175
65 186
65 186
65 319
65 319
65 279
65 279
65 501
65 501
66 314
66 314
66 315
66 315
66 67
66 67
66 187
66 187
66 316
66 316
66 317
66 317
66 465
66 465
68 69
68 69
68 70
68 70
69 345
69 345
69 309
69 309
69 183
69 183
69 70
69 70
69 351
69 351
69 346
69 346
69 352
69 352
69 88
69 88
69 495
69 495
69 496
69 496
71 72
71 72
72 327
72 327
72 209
72 209
72 122
72 122
72 467
72 467
73 208
73 208
74 75
74 75
74 76
74 76
74 205
74 205
74 206
74 206
74 281
74 281
75 76
75 76
78 81
78 81
79 480
79 480
79 445
79 445
79 302
79 302
79 340
79 340
80 81
80 81
80 82
80 82
81 258
81 258
81 82
81 82
81 391
81 391
82 258
82 258
83 84
83 84
83 85
83 85
83 196
83 196
83 198
83 198
83 429
83 429
83 378
83 378
83 337
83 337
83 373
83 373
84 85
84 85
85 289
85 289
85 290
85 290
85 450
85 450
85 291
85 291
86 415
86 415
86 87
86 87
86 123
86 123
86 416
86 416
86 348
86 348
86 417
86 417
86 286
86 286
86 418
86 418
87 326
87 326
88 90
88 90
88 345
88 345
88 240
88 240
88 123
88 123
88 183
88 183
88 109
88 109
88 124
88 124
88 351
88 351
88 346
88 346
88 352
88 352
88 89
88 89
88 167
88 167
90 91
90 91
90 92
90 92
90 183
90 183
90 381
90 381
90 172
90 172
91 125
91 125
91 92
91 92
91 126
91 126
91 456
91 456
92 299
92 299
92 300
92 300
92 119
92 119
93 94
93 94
94 484
94 484
94 485
94 485
94 486
94 486
94 269
94 269
94 487
94 487
95 96
95 96
97 98
97 98
97 99
97 99
97 100
97 100
97 157
97 157
97 158
97 158
98 99
98 99
98 100
98 100
99 100
99 100
100 278
100 278
100 172
100 172
102 436
102 436
102 437
102 437
102 103
102 103
102 104
102 104
102 127
102 127
102 129
102 129
102 438
102 438
103 104
103 104
103 358
103 358
105 106
105 106
106 128
106 128
106 252
106 252
106 307
106 307
106 183
106 183
107 321
107 321
107 133
107 133
107 134
107 134
107 135
107 135
107 322
107 322
107 323
107 323
107 137
107 137
107 136
107 136
107 130
107 130
107 324
107 324
107 325
107 325
108 115
108 115
108 146
108 146
108 490
108 490
108 116
108 116
108 221
108 221
108 497
108 497
109 167
109 167
109 340
109 340
109 256
109 256
109 468
109 468
109 469
109 469
109 470
109 470
109 471
109 471
109 472
109 472
109 473
109 473
109 286
109 286
111 188
111 188
111 271
111 271
112 335
112 335
112 113
112 113
112 114
112 114
112 334
112 334
112 336
112 336
112 320
112 320
112 337
112 337
112 338
112 338
112 339
112 339
113 114
113 114
115 116
115 116
117 292
117 292
117 122
117 122
117 118
117 118
118 341
118 341
118 293
118 293
118 131
118 131
118 342
118 342
119 299
119 299
119 300
119 300
120 121
120 121
121 222
121 222
121 223
121 223
121 212
121 212
121 241
121 241
121 213
121 213
122 327
122 327
122 467
122 467
123 415
123 415
123 240
123 240
123 124
123 124
123 416
123 416
123 348
123 348
123 417
123 417
123 286
123 286
123 418
123 418
125 126
125 126
127 436
127 436
127 437
127 437
127 129
127 129
127 438
127 438
128 170
128 170
129 436
129 436
129 437
129 437
129 438
129 438
130 321
130 321
130 322
130 322
130 323
130 323
130 324
130 324
130 325
130 325
131 293
131 293
132 281
132 281
133 134
133 134
133 135
133 135
133 136
133 136
134 135
134 135
134 136
134 136
135 136
135 136
135 137
135 137
135 144
135 144
135 401
135 401
136 137
136 137
137 215
137 215
137 216
137 216
137 217
137 217
137 218
137 218
137 219
137 219
138 139
138 139
138 140
138 140
138 141
138 141
138 142
138 142
138 143
138 143
139 140
139 140
139 141
139 141
139 142
139 142
139 143
139 143
140 150
140 150
140 141
140 141
140 142
140 142
140 143
140 143
141 142
141 142
141 143
141 143
142 152
142 152
142 153
142 153
142 143
142 143
142 154
142 154
145 146
145 146
145 147
145 147
145 148
145 148
146 188
146 188
146 189
146 189
146 147
146 147
146 148
146 148
146 187
146 187
146 190
146 190
146 318
146 318
147 148
147 148
150 193
150 193
150 194
150 194
150 195
150 195
150 151
150 151
150 155
150 155
153 154
153 154
156 229
156 229
156 313
156 313
156 246
156 246
157 158
157 158
161 500
161 500
162 383
162 383
162 210
162 210
162 384
162 384
162 216
162 216
162 385
162 385
162 386
162 386
162 387
162 387
162 388
162 388
162 389
162 389
162 169
162 169
163 164
163 164
163 304
163 304
164 260
164 260
164 261
164 261
164 262
164 262
165 166
165 166
166 463
166 463
166 476
166 476
166 462
166 462
166 286
166 286
168 169
168 169
168 380
168 380
169 383
169 383
169 384
169 384
169 216
169 216
169 385
169 385
169 386
169 386
169 387
169 387
169 388
169 388
169 389
169 389
171 172
171 172
172 327
172 327
172 278
172 278
172 381
172 381
173 174
173 174
175 176
175 176
175 508
175 508
175 288
175 288
177 511
177 511
177 178
177 178
177 252
177 252
177 512
177 512
177 513
177 513
179 180
179 180
183 345
183 345
183 351
183 351
183 346
183 346
183 352
183 352
183 404
183 404
183 319
183 319
184 185
184 185
186 201
186 201
186 202
186 202
186 284
186 284
186 350
186 350
187 188
187 188
187 314
187 314
187 189
187 189
187 315
187 315
187 190
187 190
187 316
187 316
188 189
188 189
188 190
188 190
189 190
189 190
191 192
191 192
193 194
193 194
193 195
193 195
194 195
194 195
194 247
194 247
194 248
194 248
196 199
196 199
196 429
196 429
196 198
196 198
196 200
196 200
196 378
196 378
196 337
196 337
196 373
196 373
197 353
197 353
197 421
197 421
197 492
197 492
199 200
199 200
200 453
200 453
200 454
200 454
201 202
201 202
201 350
201 350
202 350
202 350
203 204
203 204
204 220
204 220
204 213
204 213
204 483
204 483
205 206
205 206
207 319
207 319
208 455
208 455
210 211
210 211
210 242
210 242
210 243
210 243
210 244
210 244
210 245
210 245
212 399
212 399
212 213
212 213
213 483
213 483
214 280
214 280
214 281
214 281
214 282
214 282
215 216
215 216
215 217
215 217
215 218
215 218
215 219
215 219
216 383
216 383
216 384
216 384
216 217
216 217
216 218
216 218
216 219
216 219
216 385
216 385
216 386
216 386
216 387
216 387
216 388
216 388
216 389
216 389
217 218
217 218
217 219
217 219
218 219
218 219
222 223
222 223
223 241
223 241
225 235
225 235
225 236
225 236
225 237
225 237
225 238
225 238
225 231
225 231
225 226
225 226
225 227
225 227
225 239
225 239
226 227
226 227
227 235
227 235
227 236
227 236
227 237
227 237
227 238
227 238
227 231
227 231
227 239
227 239
228 229
228 229
228 230
228 230
228 231
228 231
228 232
228 232
228 233
228 233
228 234
228 234
229 230
229 230
229 231
229 231
229 232
229 232
229 233
229 233
229 234
229 234
229 285
229 285
229 286
229 286
229 313
229 313
229 425
229 425
230 231
230 231
230 232
230 232
230 233
230 233
230 234
230 234
231 235
231 235
231 236
231 236
231 237
231 237
231 238
231 238
231 232
231 232
231 233
231 233
231 234
231 234
231 239
231 239
232 233
232 233
232 234
232 234
233 234
233 234
235 236
235 236
235 237
235 237
235 238
235 238
235 239
235 239
236 237
236 237
236 238
236 238
236 239
236 239
237 238
237 238
237 239
237 239
238 239
238 239
238 356
238 356
242 243
242 243
242 244
242 244
242 245
242 245
243 244
243 244
243 245
243 245
243 400
243 400
244 245
244 245
245 400
245 400
246 382
246 382
246 344
246 344
247 248
247 248
249 250
249 250
251 283
251 283
251 408
251 408
251 278
251 278
251 409
251 409
252 511
252 511
252 512
252 512
252 513
252 513
253 254
253 254
255 256
255 256
256 461
256 461
256 295
256 295
256 298
256 298
260 261
260 261
260 262
260 262
261 262
261 262
263 264
263 264
263 265
263 265
263 266
263 266
263 267
263 267
264 265
264 265
264 266
264 266
264 267
264 267
265 266
265 266
265 267
265 267
266 267
266 267
267 268
267 268
270 331
270 331
270 507
270 507
270 332
270 332
270 333
270 333
271 272
271 272
271 273
271 273
271 274
271 274
271 275
271 275
271 276
271 276
272 273
272 273
272 274
272 274
272 275
272 275
272 276
272 276
273 274
273 274
273 275
273 275
273 276
273 276
274 275
274 275
274 276
274 276
275 276
275 276
278 283
278 283
278 408
278 408
278 409
278 409
280 281
280 281
280 282
280 282
281 282
281 282
283 408
283 408
283 409
283 409
285 286
285 286
286 405
286 405
286 415
286 415
286 359
286 359
286 469
286 469
286 476
286 476
286 416
286 416
286 470
286 470
286 348
286 348
286 406
286 406
286 472
286 472
286 417
286 417
286 473
286 473
286 407
286 407
286 418
286 418
286 468
286 468
286 471
286 471
288 402
288 402
288 508
288 508
289 290
289 290
289 291
289 291
290 291
290 291
292 499
292 499
296 297
296 297
299 300
299 300
301 302
301 302
301 303
301 303
302 480
302 480
302 445
302 445
302 303
302 303
302 340
302 340
308 309
308 309
308 310
308 310
308 311
308 311
308 312
308 312
308 394
308 394
309 310
309 310
309 311
309 311
309 312
309 312
309 495
309 495
309 496
309 496
310 311
310 311
310 312
310 312
311 312
311 312
314 315
314 315
314 316
314 316
315 316
315 316
315 317
315 317
319 404
319 404
319 501
319 501
320 335
320 335
320 334
320 334
320 336
320 336
320 337
320 337
320 338
320 338
320 339
320 339
320 488
320 488
320 489
320 489
321 322
321 322
321 323
321 323
321 324
321 324
321 325
321 325
322 367
322 367
322 323
322 323
322 324
322 324
322 325
322 325
322 368
322 368
323 324
323 324
323 325
323 325
324 325
324 325
327 328
327 328
327 329
327 329
327 330
327 330
327 411
327 411
327 467
327 467
328 329
328 329
328 330
328 330
329 330
329 330
331 332
331 332
331 333
331 333
332 333
332 333
334 335
334 335
334 337
334 337
334 338
334 338
334 339
334 339
334 336
334 336
335 336
335 336
335 337
335 337
335 338
335 338
335 339
335 339
336 337
336 337
336 338
336 338
336 339
336 339
337 429
337 429
337 338
337 338
337 339
337 339
337 378
337 378
338 339
338 339
340 514
340 514
340 480
340 480
340 445
340 445
340 515
340 515
341 342
341 342
341 458
341 458
343 344
343 344
344 379
344 379
344 382
344 382
345 346
345 346
345 351
345 351
345 352
345 352
346 351
346 351
346 352
346 352
347 443
347 443
348 415
348 415
348 392
348 392
348 393
348 393
348 416
348 416
348 352
348 352
348 372
348 372
348 417
348 417
348 418
348 418
351 352
351 352
352 369
352 369
352 370
352 370
352 371
352 371
352 372
352 372
353 354
353 354
353 355
353 355
353 421
353 421
354 355
354 355
354 390
354 390
359 405
359 405
359 360
359 360
359 406
359 406
359 407
359 407
361 362
361 362
361 363
361 363
361 364
361 364
362 363
362 363
362 364
362 364
363 364
363 364
365 510
365 510
367 368
367 368
369 370
369 370
369 371
369 371
370 371
370 371
374 375
374 375
377 378
377 378
378 429
378 429
380 509
380 509
383 384
383 384
383 385
383 385
383 386
383 386
383 387
383 387
383 388
383 388
383 389
383 389
384 385
384 385
384 386
384 386
384 387
384 387
384 388
384 388
384 389
384 389
384 414
384 414
384 448
384 448
385 386
385 386
385 387
385 387
385 388
385 388
385 389
385 389
386 387
386 387
386 388
386 388
386 389
386 389
387 388
387 388
387 389
387 389
388 389
388 389
392 393
392 393
396 397
396 397
405 406
405 406
405 407
405 407
406 407
406 407
408 409
408 409
412 413
412 413
412 414
412 414
412 423
412 423
412 424
412 424
412 493
412 493
413 414
413 414
414 448
414 448
415 416
415 416
415 417
415 417
415 418
415 418
416 417
416 417
416 418
416 418
417 418
417 418
419 420
419 420
423 424
423 424
426 427
426 427
432 433
432 433
434 464
434 464
436 437
436 437
436 438
436 438
437 438
437 438
439 440
439 440
439 441
439 441
439 442
439 442
440 441
440 441
440 442
440 442
441 442
441 442
444 446
444 446
444 447
444 447
444 445
444 445
445 446
445 446
445 480
445 480
445 447
445 447
446 447
446 447
453 454
453 454
459 460
459 460
462 463
462 463
463 474
463 474
463 466
463 466
463 475
463 475
466 474
466 474
466 475
466 475
468 469
468 469
468 470
468 470
468 472
468 472
468 473
468 473
468 471
468 471
469 470
469 470
469 471
469 471
469 472
469 472
469 473
469 473
470 471
470 471
470 472
470 472
470 473
470 473
471 472
471 472
471 473
471 473
472 473
472 473
474 475
474 475
477 478
477 478
477 479
477 479
478 479
478 479
481 482
481 482
484 485
484 485
484 486
484 486
484 487
484 487
485 486
485 486
485 487
485 487
486 487
486 487
488 489
488 489
495 496
495 496
502 503
502 503
511 512
511 512
511 513
511 513
512 513
512 513
514 515
514 515
