95 213
1 2
1 3
1 10
1 11
1 12
2 3
2 8
2 10
2 12
3 7
3 8
3 11
4 5
4 9
4 10
5 6
5 10
5 28
5 35
5 36
6 7
7 8
7 9
8 9
9 10
10 11
10 12
11 12
11 28
11 29
12 13
12 20
12 28
13 14
13 16
13 17
13 20
13 22
14 15
14 16
14 23
14 37
14 39
15 16
15 21
16 19
16 20
16 21
17 18
17 21
17 22
17 23
18 19
19 20
19 41
20 21
21 74
22 23
24 25
24 26
24 35
24 36
25 26
25 33
25 34
25 36
26 32
26 33
26 35
27 28
27 34
28 29
28 34
29 30
30 31
31 32
31 33
32 33
33 36
34 36
35 36
36 43
37 43
37 46
38 44
39 42
39 43
39 44
40 41
40 42
40 45
40 46
40 47
41 42
41 43
42 43
43 44
43 45
44 45
45 46
45 47
46 47
48 49
48 50
48 57
48 58
48 59
49 50
49 55
49 57
49 59
50 54
50 55
50 58
51 52
51 56
51 57
52 53
52 57
52 76
52 83
52 84
53 54
54 55
54 56
55 56
56 57
57 58
57 59
58 59
58 76
58 77
59 60
59 67
59 76
60 61
60 63
60 64
60 67
60 69
61 62
61 63
61 70
61 85
61 87
62 63
62 68
63 67
63 68
64 65
64 68
64 69
64 70
65 66
65 69
66 67
66 89
67 68
69 70
71 72
71 73
71 74
71 83
71 84
72 73
72 81
72 82
72 84
73 74
73 80
73 81
73 83
73 84
74 75
74 80
74 81
74 82
75 76
75 82
76 77
76 82
77 78
77 79
78 79
79 80
79 81
80 81
81 84
82 84
83 84
85 87
85 91
85 93
85 94
85 95
86 92
87 90
87 91
87 92
88 89
88 90
88 93
88 94
88 95
89 90
89 91
90 91
91 92
91 93
92 93
93 94
93 95
94 95
