53 123
1 11
1 12
2 3
2 5
2 6
2 11
2 12
2 15
2 21
3 4
3 5
3 6
3 15
3 21
4 8
4 9
4 17
5 6
5 8
5 9
6 7
6 8
7 8
7 9
8 9
9 17
10 11
10 12
10 16
10 17
10 18
10 44
11 12
11 14
11 15
12 14
13 14
14 15
14 17
15 16
15 17
15 44
16 17
16 38
17 18
19 20
19 21
19 22
19 24
20 21
20 23
20 24
21 22
21 23
22 23
23 25
26 27
26 29
26 30
26 39
26 41
26 44
26 50
27 28
27 30
27 37
27 39
27 44
27 50
28 33
28 35
28 36
28 44
28 46
29 30
29 32
29 33
29 35
30 32
30 33
30 36
31 32
31 40
31 41
32 33
32 35
33 34
33 35
34 35
34 52
35 36
35 46
37 38
37 45
37 46
37 47
38 39
38 41
38 42
38 45
38 46
38 47
39 40
39 41
39 43
39 44
40 41
41 43
42 43
43 46
44 45
44 46
45 46
45 47
46 47
48 49
48 50
48 52
49 50
49 51
49 52
50 51
51 53
